rejected = 0.0452613;

