rawChain_unified = zeros(4000,1);
rawChain_unified = [8.4049999999999994e+00 
8.3943588286269737e+00 
9.7379469950139761e+00 
1.0016273326153964e+01 
1.0025274322027739e+01 
1.0167416428403945e+01 
1.0167416428403945e+01 
1.0035573638167550e+01 
9.3241039536849808e+00 
9.4760762756313781e+00 
9.9277215446298843e+00 
1.0291811861210345e+01 
1.0125196829962890e+01 
1.0304548157225524e+01 
1.0412416942842775e+01 
1.0225450844577569e+01 
1.0493645655292079e+01 
1.0481562278565313e+01 
9.7658253982807235e+00 
9.8286692789834458e+00 
1.0071655313632304e+01 
1.0371592682659815e+01 
1.0472412279694845e+01 
1.0268276141075807e+01 
1.0268276141075807e+01 
1.0438750312489120e+01 
9.9625452382322184e+00 
1.0058260662380500e+01 
1.0345150765556060e+01 
1.0316090978794879e+01 
9.9791029105629772e+00 
1.0351552040981231e+01 
1.0449407944404987e+01 
1.0155843621643051e+01 
1.0345292143332712e+01 
1.0418294689598833e+01 
1.0166601257290477e+01 
1.0382852837834541e+01 
1.0473080531533331e+01 
1.0433486863782608e+01 
1.0180717236563073e+01 
9.8725538248615123e+00 
9.7926748458014057e+00 
9.4270036912516328e+00 
8.9745818206687460e+00 
8.9745818206687460e+00 
9.1402360902351862e+00 
9.0846748645908129e+00 
9.0846748645908129e+00 
9.3329334711412759e+00 
9.1305872465331994e+00 
9.3307515399336527e+00 
9.7187379148352555e+00 
9.7171652448086121e+00 
1.0239904584426210e+01 
1.0239904584426210e+01 
1.0124134540304418e+01 
1.0254655068567674e+01 
9.9385213792123679e+00 
9.7999132760132834e+00 
1.0011896748282584e+01 
9.9003703803372307e+00 
9.7799957918255398e+00 
9.5960871957696074e+00 
9.9282347520687075e+00 
9.9282347520687075e+00 
1.0351548895199047e+01 
1.0209320209844815e+01 
1.0442095057725616e+01 
1.0212578523050523e+01 
1.0114510003680541e+01 
1.0088719911531854e+01 
1.0072045488867115e+01 
1.0250368078586263e+01 
1.0440155707917384e+01 
1.0487087625596471e+01 
1.0487137646371455e+01 
1.0400704165271708e+01 
1.0477043334395447e+01 
1.0012024682026771e+01 
9.7279438539181928e+00 
9.2065501891790529e+00 
9.3876826110988834e+00 
9.2894349031965113e+00 
9.2894349031965113e+00 
9.2595707427155691e+00 
9.9497464829448177e+00 
1.0090190616044175e+01 
1.0292854731585415e+01 
1.0261144224893785e+01 
1.0263294656776013e+01 
1.0232661202572970e+01 
1.0455179287283721e+01 
9.8672010081859263e+00 
1.0167870888980948e+01 
1.0249538997381890e+01 
1.0215380468586323e+01 
1.0275191316103196e+01 
1.0375821719963231e+01 
1.0479165520770717e+01 
1.0357548346768139e+01 
1.0181916915272890e+01 
1.0169164394222264e+01 
1.0307999308705043e+01 
1.0418744273734246e+01 
9.9733823144032030e+00 
9.9341353765038729e+00 
1.0341202278677269e+01 
1.0182087605157621e+01 
1.0125130834759231e+01 
1.0058588520806891e+01 
9.9209103152997731e+00 
1.0367825325070866e+01 
1.0335684807523851e+01 
1.0384767289535187e+01 
1.0483148702347290e+01 
9.2075009203953506e+00 
9.2078639182182727e+00 
9.2307396565821769e+00 
9.0819820339963009e+00 
9.0433097512668024e+00 
9.0433097512668024e+00 
9.0325046367050277e+00 
9.1034368800313707e+00 
9.2545991341826923e+00 
9.2617736553363788e+00 
9.3106502557166984e+00 
9.3106502557166984e+00 
9.2842762537993710e+00 
9.4375645976369142e+00 
9.8318495428583255e+00 
9.8956490738057461e+00 
9.3836560033769398e+00 
8.9724741018457141e+00 
9.1413408407366461e+00 
9.9122438741511107e+00 
9.7803758085830648e+00 
9.7119656331717845e+00 
9.6571103476193247e+00 
9.7875443626330920e+00 
9.6224732465850842e+00 
9.7152155059329548e+00 
9.9702759966149763e+00 
9.9515009416759188e+00 
9.8691341046876335e+00 
9.8620054690129813e+00 
9.4463685490435303e+00 
1.0046202654268855e+01 
1.0097702173742951e+01 
1.0116806214664210e+01 
9.3973023868491907e+00 
9.4032577352124989e+00 
9.6466603069720946e+00 
9.9543891636554420e+00 
1.0146128047601893e+01 
1.0178068610876037e+01 
9.9742285214571726e+00 
9.8127481324370045e+00 
9.7356255004651331e+00 
9.9066193610694437e+00 
1.0256109348215931e+01 
9.6787712001342054e+00 
9.7136225538153820e+00 
9.5742753543266179e+00 
1.0163124664860671e+01 
9.8853067215086075e+00 
9.9776570046447759e+00 
9.7843764024088067e+00 
9.8944003151717315e+00 
1.0181172994566506e+01 
1.0359494230950357e+01 
9.8853202088640142e+00 
9.8999176567003939e+00 
1.0291726860346349e+01 
9.9535155151527359e+00 
9.8246499373126177e+00 
1.0265635869097604e+01 
1.0311258192792760e+01 
9.8419434143870337e+00 
9.7483026750690875e+00 
9.8627157021212728e+00 
8.9815354287111013e+00 
8.9284240659191187e+00 
9.2024702712978250e+00 
9.7952522954538868e+00 
9.8582009624743137e+00 
9.9261253727480625e+00 
9.9261253727480625e+00 
9.7943328615315171e+00 
9.9433041849812742e+00 
1.0188735256864149e+01 
1.0144746480518574e+01 
1.0157965888239886e+01 
9.9039908413066797e+00 
1.0006404375813357e+01 
9.9041961812355250e+00 
9.8067711560656701e+00 
1.0050895532232165e+01 
1.0206590870594949e+01 
1.0432315055838071e+01 
9.8993724406829635e+00 
1.0207168222908722e+01 
1.0041564849866571e+01 
1.0028399757927218e+01 
9.8139805010092189e+00 
9.8139805010092189e+00 
9.6887233337183503e+00 
9.6870133314658275e+00 
1.0134737194858756e+01 
1.0152734840008382e+01 
9.8273464777125170e+00 
9.7277131369452601e+00 
9.8884073578112162e+00 
9.6590160922536228e+00 
9.4993061482294809e+00 
9.4993061482294809e+00 
9.4993061482294809e+00 
9.4668748998136465e+00 
9.4083523102688122e+00 
9.4083523102688122e+00 
1.0245966518865098e+01 
1.0188544236679896e+01 
1.0142868755900363e+01 
1.0153093871666087e+01 
1.0311017246463079e+01 
1.0040274030276791e+01 
1.0091949259517742e+01 
9.8278402309288637e+00 
1.0038780511637476e+01 
1.0151246897024485e+01 
1.0281996152096518e+01 
1.0449308722667190e+01 
1.0125727439038346e+01 
1.0340026599092278e+01 
1.0061704264589928e+01 
9.9719840992359376e+00 
9.7913751281162433e+00 
1.0203236385249843e+01 
1.0193263536937909e+01 
1.0193263536937909e+01 
1.0181681226826969e+01 
1.0007024281156692e+01 
9.7974472307635008e+00 
9.9885088607002697e+00 
9.7381227845491107e+00 
9.8054103026846242e+00 
1.0034913262378279e+01 
1.0071327741490851e+01 
1.0448273061775636e+01 
1.0309386981985051e+01 
9.5227568472074218e+00 
9.5373005978086010e+00 
9.5373005978086010e+00 
9.2691137777785002e+00 
9.2371186552373139e+00 
9.1147254773650097e+00 
9.2429905949785063e+00 
9.1896596176222562e+00 
9.3664784310371498e+00 
9.1552308661692567e+00 
1.0264570916710785e+01 
9.7931021801429505e+00 
9.4638876394564235e+00 
9.4638876394564235e+00 
9.6943782763442918e+00 
9.7360601074929125e+00 
9.7035026628182450e+00 
9.1810261930055130e+00 
9.2312090315124742e+00 
9.2437699805265368e+00 
9.3421819117876179e+00 
9.8823668553056709e+00 
9.9601991597904043e+00 
1.0128672253882925e+01 
1.0197651466443885e+01 
9.6277387929844132e+00 
9.6401256277991738e+00 
9.9572083192021914e+00 
9.3172326025046495e+00 
9.1805625154958683e+00 
1.0174411781132045e+01 
8.8718789409053151e+00 
8.7416917236981266e+00 
8.7452950399472389e+00 
8.5997050851657164e+00 
8.5997050851657164e+00 
8.2572419944853017e+00 
8.2572419944853017e+00 
8.2572419944853017e+00 
8.2572419944853017e+00 
8.2423975129920848e+00 
8.1815479529014752e+00 
8.1815479529014752e+00 
8.9279130535779618e+00 
8.8812386250162536e+00 
8.9108587906261896e+00 
8.9979421503199841e+00 
8.9979421503199841e+00 
9.0080897220386937e+00 
8.8946099121627711e+00 
9.2315384521074400e+00 
9.6202645747191848e+00 
9.6090394987921766e+00 
9.6870702733455865e+00 
9.0409684400486245e+00 
8.8505359085279736e+00 
8.6861015044247836e+00 
8.6680787600772806e+00 
8.6680787600772806e+00 
8.9875903082599020e+00 
9.4587128884216956e+00 
9.4587128884216956e+00 
9.3435063797725331e+00 
9.6863623831479622e+00 
9.8781728413980918e+00 
9.8781728413980918e+00 
9.8781728413980918e+00 
9.5602716038152060e+00 
9.3115590170272107e+00 
9.4418020372932681e+00 
9.0032004002226245e+00 
8.8409330631777685e+00 
1.0117497649420615e+01 
9.9187390521310910e+00 
9.9187390521310910e+00 
1.0483180387742216e+01 
1.0098869399352118e+01 
9.3191603336962405e+00 
9.6882377454844502e+00 
9.6400069395231487e+00 
1.0328172612103895e+01 
