ip_logLike_sub0 = zeros(4000,1);
ip_logLike_sub0 = [1174.52
1174.47
1179.14
1179.6
1179.61
1179.79
1179.79
1179.62
1178.18
1178.57
1179.47
1179.92
1179.74
1179.93
1180.03
1179.85
1180.09
1180.08
1179.19
1179.3
1179.67
1179.99
1180.08
1179.9
1179.9
1180.05
1179.52
1179.65
1179.97
1179.94
1179.54
1179.98
1180.06
1179.77
1179.97
1180.03
1179.79
1180
1180.08
1180.05
1179.8
1179.38
1179.24
1178.45
1177.05
1177.05
1177.62
1177.44
1177.44
1178.2
1177.59
1178.19
1179.1
1179.1
1179.87
1179.87
1179.74
1179.88
1179.48
1179.25
1179.59
1179.42
1179.22
1178.85
1179.47
1179.47
1179.98
1179.83
1180.05
1179.84
1179.72
1179.69
1179.67
1179.88
1180.05
1180.09
1180.09
1180.02
1180.08
1179.59
1179.12
1177.83
1178.35
1178.08
1178.08
1177.99
1179.5
1179.69
1179.92
1179.89
1179.89
1179.86
1180.06
1179.37
1179.79
1179.88
1179.84
1179.9
1180
1180.08
1179.98
1179.8
1179.79
1179.94
1180.03
1179.54
1179.48
1179.97
1179.8
1179.74
1179.65
1179.46
1179.99
1179.96
1180.01
1180.08
1177.83
1177.83
1177.9
1177.43
1177.29
1177.29
1177.25
1177.5
1177.98
1178
1178.14
1178.14
1178.06
1178.48
1179.31
1179.42
1178.34
1177.04
1177.62
1179.44
1179.22
1179.09
1178.98
1179.23
1178.91
1179.1
1179.53
1179.5
1179.37
1179.36
1178.5
1179.64
1179.7
1179.73
1178.37
1178.39
1178.96
1179.51
1179.76
1179.8
1179.54
1179.28
1179.14
1179.43
1179.88
1179.03
1179.09
1178.8
1179.78
1179.4
1179.54
1179.23
1179.41
1179.8
1179.98
1179.4
1179.42
1179.92
1179.51
1179.3
1179.89
1179.94
1179.33
1179.16
1179.36
1177.07
1176.87
1177.82
1179.25
1179.35
1179.46
1179.46
1179.24
1179.49
1179.81
1179.76
1179.78
1179.43
1179.58
1179.43
1179.27
1179.64
1179.83
1180.04
1179.42
1179.83
1179.63
1179.61
1179.28
1179.28
1179.05
1179.04
1179.75
1179.77
1179.3
1179.12
1179.4
1178.98
1178.63
1178.63
1178.63
1178.55
1178.4
1178.4
1179.87
1179.81
1179.76
1179.77
1179.94
1179.63
1179.7
1179.3
1179.63
1179.77
1179.91
1180.06
1179.74
1179.97
1179.66
1179.53
1179.24
1179.83
1179.82
1179.82
1179.8
1179.58
1179.25
1179.56
1179.14
1179.26
1179.62
1179.67
1180.06
1179.94
1178.69
1178.72
1178.72
1178.02
1177.92
1177.54
1177.94
1177.78
1178.29
1177.67
1179.89
1179.24
1178.54
1178.54
1179.06
1179.14
1179.07
1177.75
1177.91
1177.94
1178.23
1179.39
1179.52
1179.74
1179.82
1178.92
1178.95
1179.51
1178.16
1177.75
1179.8
1176.66
1176.12
1176.14
1175.49
1175.49
1173.72
1173.72
1173.72
1173.72
1173.63
1173.28
1173.28
1176.87
1176.69
1176.81
1177.13
1177.13
1177.17
1176.75
1177.91
1178.9
1178.88
1179.04
1177.28
1176.57
1175.88
1175.8
1175.8
1177.09
1178.53
1178.53
1178.23
1179.04
1179.39
1179.39
1179.39
1178.77
1178.14
1178.49
1177.15
1176.53
1179.73
1179.45
1179.45
1180.08
1179.71
1178.16
1179.04
1178.95
1179.95
1178.38
1179.28
1179.05
1179.89
1179.71
1179.63
1179.39
1179.36
1179.19
1179.2
1179.13
1179.03
1179.6
1179.86
1180.04
1179.95
1179.95
1179.67
1179.67
1179.23
1179.64
1179.41
1179.39
1178.15
1178.67
1179.19
1178.93
1179.23
1179.97
1179.92
1179.66
1179.61
1179.71
1179.76
1179.84
1179.92
1179.84
1179.71
1179.22
1179.5
1179.69
1179.69
1179.6
1179.21
1179.8
1178.75
1178.8
1179.18
1178.54
1178.74
1178.09
1179.35
1179.61
1179.81
1179.88
1179.42
1179.73
1178.83
1178.79
1179.04
1179.3
1179.63
1179.2
1179.98
1179.91
1179.82
1179.76
1179.84
1179.76
1179.84
1179.38
1179.55
1179.89
1179.63
1179.31
1180.02
1179.84
1179.83
1180.09
1178.98
1179.43
1179.53
1179.56
1180.02
1180.06
1179.94
1179.94
1179.64
1179.86
1179.87
1179.89
1179.8
1179.75
1178.54
1180.04
1180.07
1180.03
1179.87
1180.06
1180.06
1179.85
1179.96
1179.04
1179.08
1178.49
1178.81
1179.81
1179.76
1179.69
1179.84
1180.09
1180.07
1180.07
1179.98
1180.02
1180.02
1179.67
1179.81
1179.81
1178.74
1177.72
1179.03
1178.59
1178.18
1179.13
1177.37
1177.87
1179.87
1179.15
1179.26
1179.03
1179.23
1178.74
1179.78
1179.6
1179.76
1178.09
1178.76
1179.35
1178.91
1179.08
1179.35
1179.42
1179.34
1179.7
1179.42
1179.37
1179.34
1179.2
1179.29
1179.6
1179.53
1179.14
1178.83
1179.87
1179.9
1179.68
1179.56
1179.16
1179.12
1179.84
1179.62
1179.77
1180.02
1179.8
1179.45
1179.92
1179.99
1180.03
1179.91
1179.73
1179.57
1179.57
1178.59
1178.65
1179.65
1179.4
1179.15
1180.06
1180.06
1179.69
1180.04
1180.09
1180.06
1179.46
1179.6
1179.16
1178.4
1178.43
1178.87
1179.3
1179.49
1179.45
1179.5
1179.43
1179.15
1179.23
1179.43
1179.43
1179.8
1179.82
1180
1180.09
1179.89
1179.79
1179.87
1179.13
1179.61
1176.67
1178.7
1178.83
1179.67
1179.98
1180.03
1179.83
1179.94
1179.82
1180.01
1179.7
1179.76
1179.75
1180.1
1180.04
1179.45
1179.12
1179.77
1179.77
1179.87
1179.99
1179.95
1179.98
1179.81
1179.75
1178.94
1178.64
1178.56
1178.71
1178.45
1179.25
1179.26
1179.14
1179.9
1179.99
1180.1
1179.96
1179.27
1179.27
1179.02
1179.73
1179.18
1178.13
1178.89
1179.02
1179.36
1179.32
1179.41
1180.04
1180.03
1176.1
1177.91
1179.89
1178.92
1180.05
1178.21
1176.99
1175.02
1175.57
1176.01
1175.4
1174.94
1174.67
1176.9
1176.92
1178.67
1179.71
1179.78
1179.45
1179.58
1179.51
1179.81
1179.65
1179.65
1180
1179.41
1179.66
1179.58
1178.88
1178.99
1179.24
1179.06
1179.34
1179.53
1179.69
1179.69
1180.01
1179.43
1179.95
1180.02
1179.39
1178.38
1178.38
1179.75
1179.19
1178.99
1178.8
1179.38
1179.49
1180.03
1180.03
1179.96
1179.73
1179.29
1179.11
1179.69
1180.06
1179.96
1179.19
1179.26
1179.5
1179.84
1179.02
1179.33
1179.33
1179.36
1178.91
1178.99
1178.61
1179.32
1179.58
1177.65
1177.22
1177.18
1178.92
1179.84
1179.71
1178.78
1179.13
1179.18
1179.04
1179.23
1179.02
1179.7
1180
1179.95
1178.4
1178.68
1178.44
1178.82
1179.94
1179.99
1179.76
1179.68
1178.75
1178.38
1178.89
1178.89
1179.23
1178.81
1178.81
1179.84
1180.05
1179.92
1179.97
1180.05
1179.93
1179.62
1179.55
1179.35
1179.3
1179.64
1179.68
1179.8
1179.35
1179.57
1179.7
1179.83
1180.01
1179.52
1179.84
1179.04
1179.08
1179.81
1179.75
1179.59
1179.9
1179.92
1179.87
1179.54
1179.53
1179.59
1178.82
1178.73
1178.48
1179.8
1179.37
1179.24
1179.17
1179
1179.29
1179.92
1179.87
1179.89
1179.55
1179.6
1178.4
1178.52
1179.39
1179.37
1179.68
1178.34
1178.08
1177.47
1178.69
1179.57
1179.85
1179.18
1179.34
1179.62
1179.88
1179.97
1179.97
1179.84
1179.84
1180.05
1180.03
1178.79
1179.27
1180.07
1180.09
1180.02
1179.88
1179.62
1179.84
1179.77
1179.73
1179.72
1179.46
1179.96
1179.54
1179.86
1178.61
1179.62
1179.57
1179.26
1179.19
1179.39
1179.61
1179.21
1178.28
1179.89
1179.96
1179.73
1179.82
1180.08
1179.5
1178.46
1178.65
1178.79
1179.11
1178.86
1179.21
1179.5
1179.94
1180.07
1180.01
1180.02
1180
1179.86
1179.48
1179.38
1179.72
1180.08
1179.96
1179.65
1179.86
1179.8
1180.09
1179.66
1179.7
1179.57
1180.06
1179.71
1179.85
1179.88
1178.68
1179.77
1178.95
1178.98
1179.22
1179.42
1179.39
1179.36
1179.81
1179.9
1179.85
1179.85
1179.92
1180.09
1180.04
1179.1
1179.01
1179.96
1179.68
1179.72
1178.89
1179.55
1179.26
1179.77
1179.93
1179.67
1179.47
1179.5
1177.88
1180.1
1179.91
1179.79
1179.74
1179.57
1179.32
1178.85
1179.08
1180.1
1180.06
1180.01
1179.17
1178.63
1179.75
1179.95
1179.67
1179.68
1178.92
1179.17
1179.84
1178.89
1178.99
1179.51
1179.02
1179.02
1179.05
1179.04
1178.87
1178.65
1178.55
1178.55
1179.81
1179.95
1179.84
1179.7
1179.4
1179.93
1180.08
1179.87
1180
1179.89
1179.86
1179.9
1179.9
1179.86
1179.43
1179.41
1179
1179
1179.05
1179.12
1179.42
1180
1178.29
1178.05
1178.62
1178.97
1178.97
1179.77
1179.13
1177.37
1177.7
1178.64
1179.73
1179.99
1179.58
1180.02
1179.77
1179.74
1179.95
1179.67
1179.67
1178.87
1179.61
1179.76
1179.76
1179.76
1179.6
1179.82
1178.29
1178.37
1178.37
1176.55
1176.17
1180
1179.96
1179.71
1179.14
1179.46
1179.62
1179.93
1180
1179.38
1179.72
1179.72
1179.64
1180
1180.05
1180.01
1180.01
1179.95
1179.75
1179.5
1179.74
1179.46
1179.32
1179.14
1180.02
1179.98
1179.19
1178.92
1178.63
1178.76
1178.71
1179.59
1179.68
1179.56
1179.59
1179.74
1178.8
1179.46
1178.42
1178.56
1178.54
1179.72
1179.22
1179.45
1179.49
1179.33
1179.28
1179.17
1179.35
1180
1179.41
1179.6
1179.75
1179.97
1179.46
1180.06
1179.78
1179.67
1179.01
1180.06
1179.94
1179.93
1180.03
1179.8
1179.47
1178.77
1174.5
1178.49
1179.62
1179.95
1180.06
1180.04
1179.56
1179.79
1180
1179.94
1179.8
1179.85
1179.89
1180.08
1179.82
1178.99
1177.29
1177.2
1178.29
