ip_logTarget_unified = zeros(4000,1);
ip_logTarget_unified = [1173.09
1173.03
1177.71
1178.16
1178.18
1178.36
1178.36
1178.19
1176.74
1177.14
1178.03
1178.49
1178.31
1178.5
1178.6
1178.42
1178.66
1178.65
1177.76
1177.87
1178.24
1178.56
1178.64
1178.46
1178.46
1178.62
1178.09
1178.22
1178.54
1178.51
1178.11
1178.54
1178.63
1178.34
1178.54
1178.6
1178.35
1178.57
1178.64
1178.61
1178.37
1177.95
1177.81
1177.02
1175.61
1175.61
1176.19
1176
1176
1176.77
1176.16
1176.76
1177.67
1177.67
1178.43
1178.43
1178.3
1178.45
1178.05
1177.82
1178.16
1177.99
1177.79
1177.42
1178.03
1178.03
1178.54
1178.4
1178.62
1178.41
1178.29
1178.26
1178.24
1178.45
1178.62
1178.65
1178.65
1178.59
1178.65
1178.16
1177.69
1176.4
1176.92
1176.64
1176.64
1176.56
1178.07
1178.26
1178.49
1178.46
1178.46
1178.43
1178.63
1177.94
1178.36
1178.44
1178.41
1178.47
1178.56
1178.65
1178.55
1178.37
1178.36
1178.5
1178.6
1178.1
1178.04
1178.53
1178.37
1178.31
1178.22
1178.02
1178.56
1178.53
1178.57
1178.65
1176.4
1176.4
1176.47
1175.99
1175.86
1175.86
1175.82
1176.07
1176.54
1176.56
1176.7
1176.7
1176.63
1177.05
1177.88
1177.98
1176.91
1175.61
1176.19
1178.01
1177.79
1177.66
1177.55
1177.8
1177.48
1177.66
1178.1
1178.07
1177.94
1177.93
1177.07
1178.2
1178.27
1178.29
1176.94
1176.96
1177.53
1178.07
1178.33
1178.37
1178.1
1177.84
1177.7
1178
1178.45
1177.59
1177.66
1177.37
1178.35
1177.97
1178.11
1177.79
1177.98
1178.37
1178.55
1177.97
1177.99
1178.49
1178.07
1177.87
1178.46
1178.51
1177.89
1177.73
1177.93
1175.64
1175.44
1176.38
1177.81
1177.92
1178.03
1178.03
1177.81
1178.06
1178.38
1178.33
1178.34
1178
1178.15
1178
1177.83
1178.21
1178.4
1178.61
1177.99
1178.4
1178.2
1178.18
1177.85
1177.85
1177.61
1177.61
1178.32
1178.34
1177.87
1177.69
1177.97
1177.55
1177.2
1177.2
1177.2
1177.12
1176.97
1176.97
1178.44
1178.38
1178.33
1178.34
1178.51
1178.2
1178.26
1177.87
1178.19
1178.34
1178.48
1178.63
1178.31
1178.53
1178.22
1178.1
1177.81
1178.4
1178.38
1178.38
1178.37
1178.15
1177.82
1178.12
1177.71
1177.83
1178.19
1178.24
1178.62
1178.5
1177.25
1177.29
1177.29
1176.59
1176.49
1176.1
1176.51
1176.34
1176.86
1176.24
1178.46
1177.81
1177.11
1177.11
1177.62
1177.7
1177.64
1176.32
1176.47
1176.51
1176.79
1177.96
1178.08
1178.31
1178.39
1177.49
1177.51
1178.08
1176.72
1176.32
1178.36
1175.22
1174.69
1174.7
1174.05
1174.05
1172.28
1172.28
1172.28
1172.28
1172.2
1171.85
1171.85
1175.44
1175.26
1175.37
1175.7
1175.7
1175.74
1175.31
1176.47
1177.47
1177.45
1177.61
1175.85
1175.14
1174.45
1174.37
1174.37
1175.66
1177.1
1177.1
1176.8
1177.61
1177.96
1177.96
1177.96
1177.34
1176.71
1177.06
1175.72
1175.1
1178.3
1178.02
1178.02
1178.65
1178.27
1176.73
1177.61
1177.51
1178.52
1176.95
1177.85
1177.62
1178.46
1178.27
1178.2
1177.95
1177.93
1177.76
1177.77
1177.7
1177.6
1178.16
1178.42
1178.6
1178.52
1178.52
1178.24
1178.24
1177.8
1178.21
1177.98
1177.96
1176.72
1177.24
1177.76
1177.5
1177.8
1178.54
1178.49
1178.23
1178.17
1178.28
1178.33
1178.4
1178.48
1178.4
1178.28
1177.78
1178.07
1178.25
1178.25
1178.17
1177.78
1178.37
1177.32
1177.37
1177.75
1177.11
1177.31
1176.66
1177.92
1178.17
1178.38
1178.45
1177.98
1178.29
1177.39
1177.36
1177.61
1177.87
1178.2
1177.77
1178.55
1178.48
1178.39
1178.33
1178.4
1178.32
1178.41
1177.94
1178.11
1178.45
1178.2
1177.88
1178.59
1178.41
1178.4
1178.66
1177.54
1177.99
1178.1
1178.13
1178.58
1178.62
1178.51
1178.51
1178.21
1178.43
1178.44
1178.46
1178.37
1178.31
1177.11
1178.61
1178.64
1178.6
1178.44
1178.63
1178.63
1178.42
1178.53
1177.61
1177.65
1177.06
1177.38
1178.37
1178.33
1178.25
1178.4
1178.66
1178.64
1178.64
1178.54
1178.59
1178.59
1178.24
1178.38
1178.38
1177.31
1176.29
1177.6
1177.16
1176.75
1177.7
1175.94
1176.44
1178.44
1177.72
1177.83
1177.6
1177.8
1177.31
1178.35
1178.17
1178.33
1176.66
1177.33
1177.92
1177.47
1177.65
1177.92
1177.99
1177.91
1178.27
1177.99
1177.94
1177.91
1177.77
1177.86
1178.17
1178.1
1177.7
1177.4
1178.43
1178.46
1178.25
1178.12
1177.72
1177.69
1178.41
1178.19
1178.33
1178.59
1178.37
1178.02
1178.48
1178.56
1178.59
1178.48
1178.29
1178.14
1178.14
1177.16
1177.22
1178.22
1177.97
1177.72
1178.62
1178.62
1178.26
1178.61
1178.66
1178.63
1178.03
1178.17
1177.73
1176.97
1176.99
1177.44
1177.87
1178.06
1178.01
1178.07
1178
1177.72
1177.79
1178
1178
1178.36
1178.38
1178.57
1178.66
1178.46
1178.36
1178.44
1177.7
1178.17
1175.24
1177.26
1177.4
1178.23
1178.54
1178.59
1178.4
1178.51
1178.39
1178.58
1178.27
1178.32
1178.31
1178.66
1178.61
1178.02
1177.69
1178.33
1178.33
1178.43
1178.56
1178.52
1178.55
1178.38
1178.32
1177.51
1177.2
1177.13
1177.28
1177.01
1177.82
1177.82
1177.71
1178.47
1178.55
1178.66
1178.53
1177.84
1177.84
1177.59
1178.3
1177.75
1176.7
1177.46
1177.59
1177.93
1177.89
1177.98
1178.61
1178.6
1174.66
1176.47
1178.46
1177.49
1178.62
1176.78
1175.56
1173.58
1174.14
1174.57
1173.97
1173.51
1173.23
1175.46
1175.49
1177.24
1178.28
1178.35
1178.02
1178.15
1178.07
1178.37
1178.22
1178.22
1178.56
1177.98
1178.23
1178.14
1177.45
1177.55
1177.81
1177.62
1177.91
1178.1
1178.26
1178.26
1178.57
1177.99
1178.52
1178.59
1177.95
1176.95
1176.95
1178.32
1177.75
1177.56
1177.37
1177.95
1178.06
1178.6
1178.6
1178.53
1178.3
1177.86
1177.68
1178.26
1178.63
1178.53
1177.76
1177.82
1178.07
1178.41
1177.59
1177.9
1177.9
1177.93
1177.47
1177.55
1177.17
1177.89
1178.15
1176.21
1175.79
1175.74
1177.49
1178.4
1178.27
1177.35
1177.7
1177.75
1177.61
1177.8
1177.59
1178.27
1178.56
1178.51
1176.96
1177.25
1177.01
1177.38
1178.51
1178.56
1178.33
1178.25
1177.31
1176.94
1177.46
1177.46
1177.8
1177.37
1177.37
1178.4
1178.62
1178.49
1178.53
1178.62
1178.5
1178.19
1178.12
1177.92
1177.86
1178.21
1178.25
1178.37
1177.92
1178.13
1178.27
1178.4
1178.58
1178.09
1178.41
1177.61
1177.64
1178.38
1178.32
1178.16
1178.47
1178.49
1178.43
1178.11
1178.1
1178.16
1177.39
1177.29
1177.05
1178.37
1177.94
1177.81
1177.74
1177.57
1177.86
1178.48
1178.44
1178.46
1178.11
1178.17
1176.97
1177.09
1177.95
1177.94
1178.25
1176.91
1176.65
1176.04
1177.26
1178.14
1178.42
1177.74
1177.91
1178.19
1178.45
1178.54
1178.54
1178.41
1178.41
1178.62
1178.6
1177.35
1177.84
1178.63
1178.66
1178.59
1178.45
1178.19
1178.41
1178.33
1178.29
1178.28
1178.03
1178.52
1178.11
1178.42
1177.17
1178.19
1178.14
1177.82
1177.76
1177.95
1178.17
1177.78
1176.84
1178.45
1178.52
1178.3
1178.39
1178.65
1178.07
1177.03
1177.22
1177.36
1177.67
1177.43
1177.77
1178.07
1178.51
1178.64
1178.57
1178.59
1178.56
1178.42
1178.05
1177.95
1178.29
1178.65
1178.53
1178.22
1178.43
1178.37
1178.66
1178.22
1178.26
1178.13
1178.63
1178.28
1178.41
1178.45
1177.25
1178.34
1177.52
1177.55
1177.78
1177.99
1177.96
1177.93
1178.38
1178.47
1178.42
1178.42
1178.49
1178.66
1178.61
1177.66
1177.58
1178.53
1178.24
1178.29
1177.46
1178.12
1177.82
1178.34
1178.5
1178.23
1178.03
1178.06
1176.45
1178.66
1178.48
1178.35
1178.3
1178.13
1177.88
1177.42
1177.64
1178.66
1178.62
1178.58
1177.74
1177.2
1178.32
1178.52
1178.24
1178.25
1177.49
1177.74
1178.41
1177.45
1177.55
1178.08
1177.59
1177.59
1177.61
1177.6
1177.43
1177.22
1177.12
1177.12
1178.38
1178.51
1178.41
1178.27
1177.96
1178.5
1178.64
1178.44
1178.57
1178.46
1178.43
1178.46
1178.46
1178.43
1178
1177.97
1177.57
1177.57
1177.62
1177.68
1177.99
1178.57
1176.86
1176.62
1177.18
1177.54
1177.54
1178.33
1177.7
1175.94
1176.27
1177.2
1178.29
1178.56
1178.15
1178.59
1178.34
1178.3
1178.51
1178.24
1178.24
1177.44
1178.18
1178.32
1178.32
1178.32
1178.17
1178.38
1176.86
1176.94
1176.94
1175.12
1174.73
1178.57
1178.53
1178.28
1177.7
1178.02
1178.18
1178.5
1178.57
1177.95
1178.29
1178.29
1178.21
1178.56
1178.62
1178.58
1178.58
1178.52
1178.32
1178.06
1178.31
1178.03
1177.88
1177.71
1178.59
1178.55
1177.76
1177.48
1177.2
1177.33
1177.28
1178.15
1178.25
1178.12
1178.15
1178.3
1177.37
1178.02
1176.99
1177.12
1177.1
1178.29
1177.79
1178.02
1178.06
1177.9
1177.85
1177.73
1177.92
1178.57
1177.97
1178.16
1178.31
1178.54
1178.03
1178.62
1178.34
1178.24
1177.58
1178.63
1178.5
1178.49
1178.59
1178.37
1178.04
1177.33
1173.07
1177.06
1178.19
1178.51
1178.63
1178.6
1178.13
1178.36
1178.57
1178.5
1178.37
1178.41
1178.46
1178.65
1178.39
