ip_logLike_unified = zeros(500,1);
ip_logLike_unified = [6.93177
6.94467
6.92786
6.89069
6.90291
6.89243
6.90179
6.92987
6.93346
6.92494
6.90298
6.92575
6.92362
6.90592
6.90578
6.89823
6.91039
6.93831
6.93258
6.93776
6.94502
6.95924
6.94593
6.9265
6.95321
6.95193
6.93292
6.90368
6.91576
6.94394
6.89525
6.89893
6.90121
6.90994
6.93241
6.94576
6.94433
6.9444
6.9384
6.93703
6.95715
6.9571
6.93605
6.94889
6.94068
6.94145
6.95899
6.96744
6.95345
6.95902
6.96267
6.96697
6.95636
6.89245
6.91551
6.92653
6.90334
6.89627
6.94365
6.93918
6.95638
6.96008
6.95782
6.95111
6.9497
6.96199
6.96252
6.96618
6.95959
6.95368
6.94381
6.95687
6.93419
6.91008
6.92275
6.93693
6.9632
6.95209
6.95344
6.91318
6.90166
6.89516
6.90147
6.91597
6.96045
6.94183
6.94773
6.93163
6.90621
6.89325
6.89042
6.8909
6.91425
6.94571
6.95077
6.95503
6.94487
6.94292
6.9461
6.93691
6.93054
6.92995
6.91806
6.94767
6.93805
6.96213
6.96597
6.95099
6.95924
6.96473
6.96031
6.93829
6.95163
6.95342
6.91517
6.8963
6.91587
6.94005
6.94458
6.90101
6.8933
6.89307
6.91529
6.92747
6.89826
6.90516
6.91127
6.93056
6.96586
6.96575
6.96069
6.93328
6.96522
6.94998
6.95792
6.94405
6.90943
6.88922
6.92171
6.91517
6.9059
6.90007
6.93372
6.9448
6.90376
6.92776
6.93383
6.96182
6.93628
6.9046
6.92208
6.94035
6.95478
6.95114
6.89962
6.91174
6.93019
6.92992
6.90992
6.95808
6.91501
6.95108
6.95539
6.94575
6.91359
6.92153
6.90237
6.94317
6.95589
6.9307
6.95839
6.93897
6.90323
6.95744
6.92795
6.91067
6.96738
6.93013
6.91072
6.94941
6.95927
6.93185
6.89591
6.92945
6.91484
6.91775
6.8969
6.90183
6.94417
6.94721
6.94817
6.90586
6.89777
6.94122
6.90453
6.90944
6.96103
6.94653
6.91379
6.91559
6.94381
6.95604
6.93355
6.91079
6.92855
6.95573
6.9103
6.92507
6.93446
6.95725
6.91184
6.92296
6.9539
6.93513
6.90686
6.89618
6.89475
6.91336
6.89399
6.91607
6.90367
6.92681
6.9208
6.93188
6.92797
6.9179
6.94525
6.89016
6.91762
6.88989
6.90122
6.91165
6.96687
6.96093
6.91418
6.93172
6.93537
6.91758
6.93146
6.92794
6.95365
6.91602
6.9336
6.96125
6.94003
6.9308
6.92794
6.96296
6.95595
6.91781
6.95171
6.95557
6.96218
6.95251
6.92508
6.95975
6.94935
6.92858
6.96187
6.91047
6.90232
6.94153
6.95062
6.94704
6.94842
6.94659
6.91067
6.90399
6.91005
6.94787
6.95635
6.89944
6.90194
6.93295
6.9484
6.91901
6.92522
6.94037
6.96413
6.95443
6.95086
6.9584
6.93216
6.96743
6.96128
6.94116
6.96661
6.95699
6.95084
6.94498
6.90086
6.88925
6.92634
6.91688
6.92026
6.89938
6.94382
6.94929
6.93376
6.89112
6.90489
6.89715
6.90291
6.89307
6.90109
6.91309
6.9594
6.93281
6.95167
6.90658
6.91174
6.93902
6.95167
6.93229
6.95953
6.89854
6.90437
6.93346
6.89808
6.89956
6.95813
6.95214
6.95784
6.96017
6.95497
6.92424
6.95989
6.93737
6.96364
6.94793
6.92714
6.90536
6.92848
6.96175
6.96142
6.96356
6.9493
6.91102
6.95486
6.94385
6.96239
6.9249
6.94536
6.91256
6.92257
6.91975
6.95353
6.92774
6.89137
6.94779
6.89475
6.89051
6.91416
6.89394
6.93172
6.91902
6.93816
6.89517
6.92786
6.91662
6.90387
6.92306
6.93515
6.94641
6.89114
6.89529
6.89105
6.91777
6.90068
6.9295
6.94502
6.95126
6.96719
6.96164
6.94851
6.93894
6.94315
6.96348
6.9478
6.95175
6.92691
6.89866
6.91299
6.9534
6.94089
6.93275
6.92439
6.94572
6.94244
6.91189
6.91394
6.93987
6.95606
6.95538
6.91986
6.95705
6.96047
6.93702
6.90112
6.94651
6.94516
6.92802
6.927
6.92509
6.94574
6.95817
6.95655
6.96427
6.95251
6.94374
6.93165
6.95407
6.95165
6.95923
6.95093
6.95211
6.9538
6.9507
6.90785
6.92921
6.89951
6.90165
6.93477
6.90081
6.89418
6.90307
6.92178
6.94343
6.92902
6.91994
6.93402
6.91917
6.9191
6.93855
6.94518
6.92959
6.94082
6.91562
6.95009
6.92901
6.94161
6.95493
6.96779
6.93088
6.91915
6.9287
6.95429
6.94766
6.94157
6.91472
6.94296
6.94721
6.94327
6.95002
6.93832
6.91094
6.89701
6.8921
6.94525
6.93732
6.95938
6.93986
6.95737
6.96505
6.92734
6.9477
6.96152
6.93704
6.90851
6.93799
6.9501
6.94365
6.89358
6.90694
6.94398
6.9653
6.90054
6.89245
6.92588
6.93008
6.92176
6.91634
6.89385
6.89108
6.92757
6.96296
6.96739
6.96723
6.94729
6.9377
6.93719
6.94381
6.93024
6.90482
6.90207
6.89964
6.89332
6.93525
6.94823
6.91079
];
