rawChain_sub0 = zeros(500,1);
rawChain_sub0 = [8.5000000000000000e+00 
8.6604399950432089e+00 
8.4531736617652697e+00 
8.0229842602883679e+00 
8.1630940220379813e+00 
8.0428487408846738e+00 
8.1502811632227470e+00 
8.4772777338938159e+00 
8.5205242095090625e+00 
8.4186099738885218e+00 
8.1639469510126030e+00 
8.4282481350924705e+00 
8.4030562334054011e+00 
8.1977551789414935e+00 
8.1960643736578689e+00 
8.1093652224921939e+00 
8.2492025672365550e+00 
8.5800099478412672e+00 
8.5098715724817016e+00 
8.5732363632119934e+00 
8.6649870938363005e+00 
8.8615824859775785e+00 
8.6767782174972865e+00 
8.4370469989125727e+00 
8.7747290137034000e+00 
8.7569717977833221e+00 
8.5139711249942867e+00 
8.1719454335140860e+00 
8.3113264916210454e+00 
8.6509885396509976e+00 
8.0751851482603243e+00 
8.1173832689846499e+00 
8.1435304314193093e+00 
8.2440263721536908e+00 
8.5078200358392504e+00 
8.6745511997784011e+00 
8.6561237428680915e+00 
8.6569324918603474e+00 
8.5811342531089245e+00 
8.5641747207537406e+00 
8.8306997480164977e+00 
8.8299839156362463e+00 
8.5520413393251893e+00 
8.7157643964836531e+00 
8.6095654216275967e+00 
8.6193699122795664e+00 
8.8578521786158220e+00 
8.9928995720109270e+00 
8.7779679983223780e+00 
8.8583014450124189e+00 
8.9143667523638044e+00 
8.9848593045550231e+00 
8.8193332958365840e+00 
8.0431189513179397e+00 
8.3084130557555138e+00 
8.4374973297858258e+00 
8.1679903633375837e+00 
8.0869150502182627e+00 
8.6472673589864772e+00 
8.5908401334904614e+00 
8.8195902147706935e+00 
8.8742545680200067e+00 
8.8405226553221681e+00 
8.7458351047761358e+00 
8.7266938270144667e+00 
8.9037408507285836e+00 
8.9119600872242142e+00 
8.9715552312235776e+00 
8.8668826601392023e+00 
8.7811747387373131e+00 
8.6493592859151693e+00 
8.8267081480553085e+00 
8.5293624158749832e+00 
8.2455747762526475e+00 
8.3929065645778653e+00 
8.5629665278113496e+00 
8.9227088453280530e+00 
8.7592079236343174e+00 
8.7778336225849056e+00 
8.2814549048662940e+00 
8.1488017172706240e+00 
8.0741333894065193e+00 
8.1465963114867108e+00 
8.3137201458371415e+00 
8.8799768656137879e+00 
8.6240866852050022e+00 
8.7004169361678816e+00 
8.4984032827546514e+00 
8.2009838613068737e+00 
8.0522998878455159e+00 
8.0199042522883897e+00 
8.0253822646833459e+00 
8.2937678721141097e+00 
8.6739637303350605e+00 
8.7411739076888129e+00 
8.8002760576239005e+00 
8.6629778369793833e+00 
8.6379400884394428e+00 
8.6790033750866087e+00 
8.5627149280715873e+00 
8.4853007286476387e+00 
8.4781984366658687e+00 
8.3380868726580157e+00 
8.6996868770759921e+00 
8.5767287209562202e+00 
8.9058885412027440e+00 
8.9680189640308772e+00 
8.7441088836546026e+00 
8.8615763314201406e+00 
8.9473745134526190e+00 
8.8778393587897462e+00 
8.5797415284596710e+00 
8.7528357664205583e+00 
8.7775811449648717e+00 
8.3044256259024802e+00 
8.0873009045340876e+00 
8.3125717784450970e+00 
8.6016446002178899e+00 
8.6593146418407869e+00 
8.1413304121953072e+00 
8.0528837999891678e+00 
8.0501798542997101e+00 
8.3058865100355597e+00 
8.4486296356103665e+00 
8.1096932689376100e+00 
8.1889276830314035e+00 
8.2593792546360216e+00 
8.4855455831193236e+00 
8.9661073806506355e+00 
8.9642139780135661e+00 
8.8835819931349516e+00 
8.5182654920786351e+00 
8.9554580088745119e+00 
8.7305140155586560e+00 
8.8419798647982280e+00 
8.6524251941822410e+00 
8.2381413797156604e+00 
8.0061703011297656e+00 
8.3806589608177138e+00 
8.3044347311136821e+00 
8.1975042067026020e+00 
8.1304763748212796e+00 
8.5236335013929505e+00 
8.6621111527376584e+00 
8.1729103737704580e+00 
8.4519837418563331e+00 
8.5250230782401761e+00 
8.9010327427986535e+00 
8.5549289579479666e+00 
8.1825466573044938e+00 
8.3849877758007771e+00 
8.6054254449775041e+00 
8.7967782655608318e+00 
8.7461679685567972e+00 
8.1253216499774439e+00 
8.2647571804995401e+00 
8.4810004108678676e+00 
8.4778632189249592e+00 
8.2437388450073854e+00 
8.8443543065962231e+00 
8.3026599283731297e+00 
8.7453898260802969e+00 
8.8053596672190473e+00 
8.6743912811912658e+00 
8.2861174289334976e+00 
8.3785087007839163e+00 
8.1568647430772163e+00 
8.6411875555771047e+00 
8.8125341111802822e+00 
8.4871195444005618e+00 
8.8490015012268515e+00 
8.5882556695881451e+00 
8.1667991265337214e+00 
8.8349855383715123e+00 
8.4543067449850486e+00 
8.2524713565548282e+00 
8.9918564337205922e+00 
8.4803628724928100e+00 
8.2530494838101180e+00 
8.7227340780539286e+00 
8.8620669988479950e+00 
8.5010627786392590e+00 
8.0827746400971456e+00 
8.4721930679562956e+00 
8.3006490653666862e+00 
8.3344381821183209e+00 
8.0940881429455640e+00 
8.1507545353028075e+00 
8.6540103326450897e+00 
8.6935738411113785e+00 
8.7062802409823625e+00 
8.1970027462233777e+00 
8.1040663927135625e+00 
8.6164191095198497e+00 
8.1817075743126289e+00 
8.2382801598979132e+00 
8.8887721876367554e+00 
8.6846614934377957e+00 
8.2884488353677845e+00 
8.3093675561631741e+00 
8.6493506500000645e+00 
8.8146741551432282e+00 
8.5215368991011591e+00 
8.2538481329880380e+00 
8.4614828243456301e+00 
8.8102885391808279e+00 
8.2481095342148194e+00 
8.4202186431339925e+00 
8.5326067943340043e+00 
8.8322401321908384e+00 
8.2659177457658437e+00 
8.3953780556942501e+00 
8.7843373297073590e+00 
8.5407867155380419e+00 
8.2085573970039896e+00 
8.0858809099306033e+00 
8.0694988778252963e+00 
8.2834828250133761e+00 
8.0607864309340034e+00 
8.3149602425186036e+00 
8.1718868533485072e+00 
8.4407083943651582e+00 
8.3699879152981644e+00 
8.5013478942164671e+00 
8.4545022485618269e+00 
8.3361837227361928e+00 
8.6678954235968710e+00 
8.0168874517685502e+00 
8.3328968721058576e+00 
8.0137672707920444e+00 
8.1436495331937611e+00 
8.2637777873695768e+00 
8.9831524805740450e+00 
8.8872551043462984e+00 
8.2930228845784555e+00 
8.4993887350872281e+00 
8.5438014379785301e+00 
8.3324194237460087e+00 
8.4963162704841668e+00 
8.4542254881217556e+00 
8.7808468103043413e+00 
8.3143752245153077e+00 
8.5222284331585421e+00 
8.8922405316025763e+00 
8.6015047185957556e+00 
8.4883422372972355e+00 
8.4541842054083371e+00 
8.9189340359045168e+00 
8.8134210918766147e+00 
8.3351634710349192e+00 
8.7540082435216124e+00 
8.8080099540926557e+00 
8.9066787918572530e+00 
8.7650352006569712e+00 
8.4203358162308959e+00 
8.8692979847219497e+00 
8.7220127166340600e+00 
8.4618312657234878e+00 
8.9017821836580566e+00 
8.2500674402975118e+00 
8.1563783089139044e+00 
8.6203546697999798e+00 
8.7391747971932485e+00 
8.6913409672907136e+00 
8.7095177627523803e+00 
8.6854578270326197e+00 
8.2523692738661918e+00 
8.1754857766766804e+00 
8.2452832159514777e+00 
8.7022647477709452e+00 
8.8192189995323513e+00 
8.1232448873906655e+00 
8.1520196824526021e+00 
8.5143465628187229e+00 
8.7092440128182034e+00 
8.3491329900198981e+00 
8.4218865360028943e+00 
8.6056732014045316e+00 
8.9376484824222562e+00 
8.7917533873547438e+00 
8.7423698777238332e+00 
8.8490786957560363e+00 
8.5047953397536897e+00 
8.9927916614999681e+00 
8.8926109675856839e+00 
8.6156464750992967e+00 
8.9787834753176288e+00 
8.8284860206249949e+00 
8.7421575610781623e+00 
8.6644685381629660e+00 
8.1395961867318736e+00 
8.0064847010599998e+00 
8.4352160947295953e+00 
8.3242860975928608e+00 
8.3636669767807952e+00 
8.1225915232400894e+00 
8.6495162646999724e+00 
8.7211311553224711e+00 
8.5241391851206174e+00 
8.0279156141439856e+00 
8.1858424551415361e+00 
8.0969765313636994e+00 
8.1631324439704720e+00 
8.0502008870265396e+00 
8.1422227600523840e+00 
8.2803462541561146e+00 
8.8640656964589937e+00 
8.5126717570246999e+00 
8.7533615886101011e+00 
8.2053121181617783e+00 
8.2647718288171230e+00 
8.5888407021134032e+00 
8.7534378818877183e+00 
8.5062759293928600e+00 
8.8660414035446369e+00 
8.1129029761672964e+00 
8.1798313730584535e+00 
8.5205512514638766e+00 
8.1076160624819398e+00 
8.1246528636090325e+00 
8.8451512440810678e+00 
8.7598705627338891e+00 
8.8408131708938562e+00 
8.8755960873457980e+00 
8.7994173405886436e+00 
8.4103431647007501e+00 
8.8714357011889629e+00 
8.5683766065812943e+00 
8.9298677632191676e+00 
8.7030525201508517e+00 
8.4447291444482460e+00 
