rejected = 0.102757;

