ip_logLike_sub0 = zeros(400,1);
ip_logLike_sub0 = [1180.38
1180.74
1181.08
1181.5
1182.1
1182.99
1183.09
1183.41
1183.49
1182.56
1181.94
1183.08
1182.79
1182.03
1182.47
1181.33
1181.93
1182.12
1181.59
1183.3
1183.39
1181.14
1180.33
1181.3
1181.98
1183.21
1182.11
1182.26
1183.64
1182.38
1182.42
1183.5
1183.87
1183.87
1183.87
1182.51
1183.19
1180.46
1180.52
1181.38
1180.35
1179.93
1181.06
1180.63
1180.21
1180.31
1180.76
1180.63
1180.32
1181.17
1181.14
1181.37
1182.94
1183.12
1182.65
1183.6
1182.81
1182.17
1181.59
1183.62
1183.47
1183.84
1183.43
1182.88
1182.66
1182.55
1181.38
1181.82
1182.79
1182.52
1184.02
1183.04
1183.52
1183.57
1184.03
1183.91
1183.3
1182.11
1183.39
1183.08
1182.56
1183.48
1182.34
1182.34
1183.41
1182.56
1182.73
1182.45
1182.04
1183.87
1183.87
1183.98
1183.31
1182.82
1182.34
1183.72
1183.76
1183.6
1183.01
1183.22
1182.93
1183.67
1184.03
1183.14
1181.85
1181.86
1182.17
1182.17
1180.22
1180.3
1180.48
1180.6
1181.45
1182.39
1182.58
1183.13
1183.85
1183.16
1183.04
1183.59
1182.1
1181.07
1180.68
1180.56
1180.33
1181.92
1181.83
1181.67
1182.98
1182.26
1183.52
1183.14
1183.14
1182.93
1183.03
1182.88
1183.09
1183.15
1184.01
1184.01
1184.01
1182.71
1183.39
1183.53
1183.47
1183.21
1182.93
1182.53
1182.98
1182.98
1182.98
1183.44
1183.46
1183.77
1180.96
1181
1182.15
1181.73
1181.91
1181.86
1182
1182.33
1182.92
1182.57
1180.94
1181.23
1181
1180.5
1181.12
1179.79
1180.35
1181.23
1181.64
1181.76
1181.6
1181.05
1181.63
1181.59
1181.42
1182.07
1181.84
1181.48
1181.66
1183.17
1182.32
1182.32
1182.21
1181.56
1181.56
1182.66
1182.66
1183.99
1184.05
1183.84
1183.84
1183.84
1183.27
1183.77
1183.83
1183.83
1183.83
1183.13
1182.67
1183.2
1183.76
1183.96
1183.9
1183.35
1183.99
1183.99
1183.67
1182.6
1183.61
1183.8
1183.89
1183.89
1182.09
1182.09
1182.98
1182.98
1183.13
1183.66
1183.46
1183.46
1183.42
1183.95
1183.95
1183.95
1183.55
1183.68
1183.42
1184.01
1183.59
1183.71
1182.81
1182.4
1183.5
1182.51
1183.26
1183.85
1183.76
1183.47
1183.11
1183.39
1183.28
1183.28
1182.52
1182.82
1183.17
1183.43
1182.67
1182.67
1183.56
1183.88
1183.85
1183.85
1183.85
1183.04
1183.25
1182.89
1183.03
1183.89
1183.34
1182.83
1180.97
1179.56
1179.16
1179.79
1179.73
1180.16
1180.16
1180.45
1180.37
1179.96
1180.84
1180.71
1180.71
1180.71
1181.82
1180.32
1180.36
1179.15
1180.14
1177.21
1177.07
1177.07
1176.92
1180.11
1180.18
1180.67
1181.12
1180.31
1180.3
1181.02
1181.99
1183.42
1182.46
1182.46
1181.52
1182.29
1182.39
1182.85
1182.54
1181.77
1182.29
1182.59
1181.67
1181.22
1183.77
1183.9
1183.17
1183.17
1182.61
1182.38
1181.86
1182.1
1182.25
1181.56
1180.6
1180.6
1180.41
1180.64
1183.33
1183.33
1183.33
1183.71
1181.87
1181.68
1181.67
1181.2
1180.61
1182.07
1182.7
1182.86
1182.86
1182.98
1181.77
1181.93
1179.58
1180.34
1180.46
1181.19
1180.78
1181.73
1181.71
1182.25
1182.25
1182.25
1182.07
1183.3
1184.04
1183.03
1183.84
1183.08
1183.42
1182.73
1183.61
1184.03
1183.81
1182.46
1182.92
1183.61
1183.83
1183.56
1183.56
1183.92
1183.63
1182.98
1183.24
1183.65
1183.89
1183.89
1183.89
1183.67
1183.71
1183.8
1183.71
1183.95
1182.62
1183.15
1182.93
1182.37
1183.2
1183
1182.51
1180.66
1181.76
1178.32
1181.14
1180.92
1181.05
1180.3
1181.01
1181.82
1181.97
1182.15
1182.43
1183.35
1183.35
1183.4
];
