ip_logTarget_unified = zeros(400,1);
ip_logTarget_unified = [1178.59
1178.95
1179.28
1179.71
1180.3
1181.2
1181.3
1181.62
1181.69
1180.77
1180.15
1181.29
1181
1180.24
1180.68
1179.54
1180.14
1180.33
1179.8
1181.5
1181.6
1179.34
1178.54
1179.5
1180.19
1181.42
1180.31
1180.47
1181.85
1180.59
1180.63
1181.71
1182.08
1182.08
1182.08
1180.72
1181.39
1178.67
1178.73
1179.59
1178.56
1178.14
1179.27
1178.84
1178.42
1178.51
1178.97
1178.84
1178.52
1179.38
1179.35
1179.58
1181.15
1181.33
1180.86
1181.81
1181.01
1180.38
1179.8
1181.82
1181.68
1182.04
1181.64
1181.09
1180.87
1180.75
1179.59
1180.03
1181
1180.73
1182.23
1181.25
1181.73
1181.78
1182.24
1182.12
1181.5
1180.32
1181.6
1181.29
1180.77
1181.68
1180.55
1180.55
1181.62
1180.76
1180.94
1180.66
1180.25
1182.08
1182.08
1182.18
1181.52
1181.03
1180.55
1181.93
1181.97
1181.8
1181.22
1181.43
1181.14
1181.88
1182.24
1181.35
1180.06
1180.07
1180.38
1180.38
1178.43
1178.51
1178.68
1178.8
1179.65
1180.6
1180.79
1181.34
1182.06
1181.36
1181.25
1181.8
1180.31
1179.28
1178.89
1178.76
1178.54
1180.13
1180.03
1179.88
1181.19
1180.47
1181.73
1181.35
1181.35
1181.14
1181.24
1181.08
1181.3
1181.36
1182.22
1182.22
1182.22
1180.91
1181.6
1181.74
1181.67
1181.42
1181.14
1180.74
1181.19
1181.19
1181.19
1181.65
1181.66
1181.98
1179.17
1179.2
1180.36
1179.94
1180.12
1180.07
1180.2
1180.54
1181.13
1180.78
1179.15
1179.44
1179.2
1178.71
1179.33
1177.99
1178.56
1179.44
1179.84
1179.97
1179.81
1179.26
1179.84
1179.8
1179.63
1180.28
1180.05
1179.69
1179.87
1181.38
1180.53
1180.53
1180.42
1179.77
1179.77
1180.86
1180.86
1182.2
1182.26
1182.05
1182.05
1182.05
1181.47
1181.98
1182.03
1182.03
1182.03
1181.34
1180.88
1181.41
1181.97
1182.17
1182.11
1181.55
1182.2
1182.2
1181.88
1180.8
1181.82
1182.01
1182.1
1182.1
1180.3
1180.3
1181.19
1181.19
1181.33
1181.86
1181.66
1181.66
1181.63
1182.15
1182.15
1182.15
1181.76
1181.89
1181.63
1182.22
1181.79
1181.92
1181.02
1180.61
1181.71
1180.72
1181.47
1182.06
1181.97
1181.68
1181.32
1181.6
1181.48
1181.48
1180.72
1181.03
1181.37
1181.64
1180.88
1180.88
1181.77
1182.09
1182.06
1182.06
1182.06
1181.25
1181.46
1181.1
1181.24
1182.1
1181.55
1181.04
1179.18
1177.77
1177.37
1178
1177.94
1178.37
1178.37
1178.66
1178.58
1178.17
1179.05
1178.92
1178.92
1178.92
1180.02
1178.53
1178.57
1177.35
1178.35
1175.42
1175.28
1175.28
1175.13
1178.32
1178.39
1178.88
1179.33
1178.52
1178.51
1179.23
1180.2
1181.63
1180.67
1180.67
1179.73
1180.5
1180.6
1181.06
1180.75
1179.98
1180.5
1180.8
1179.88
1179.43
1181.97
1182.11
1181.38
1181.38
1180.82
1180.58
1180.07
1180.31
1180.46
1179.77
1178.81
1178.81
1178.62
1178.85
1181.53
1181.53
1181.53
1181.91
1180.07
1179.88
1179.87
1179.41
1178.81
1180.28
1180.9
1181.07
1181.07
1181.19
1179.97
1180.14
1177.78
1178.55
1178.67
1179.4
1178.98
1179.94
1179.92
1180.46
1180.46
1180.46
1180.28
1181.51
1182.25
1181.24
1182.05
1181.28
1181.63
1180.94
1181.81
1182.24
1182.01
1180.67
1181.12
1181.82
1182.04
1181.77
1181.77
1182.13
1181.84
1181.19
1181.45
1181.86
1182.1
1182.1
1182.1
1181.88
1181.92
1182
1181.91
1182.16
1180.83
1181.36
1181.14
1180.58
1181.41
1181.2
1180.71
1178.87
1179.97
1176.52
1179.35
1179.13
1179.26
1178.51
1179.22
1180.03
1180.18
1180.36
1180.64
1181.55
1181.55
1181.6
];
