rawChain_sub0 = zeros(400,1);
rawChain_sub0 = [1.1000000000000000e+01 
1.1772811355876836e+01 
1.2216566769131608e+01 
1.2605194603771878e+01 
1.3017855467731579e+01 
1.3511455618892789e+01 
1.3560875535220783e+01 
1.3712769755068653e+01 
1.3747105428179374e+01 
1.3284785233824499e+01 
1.2917403278497988e+01 
1.3554793514840226e+01 
1.3406681615272253e+01 
1.2976139074176800e+01 
1.3238139163058092e+01 
1.2465789556989652e+01 
1.2910383738254133e+01 
1.3032924590933725e+01 
1.2675573530179031e+01 
1.3658247853547120e+01 
1.3703134478235299e+01 
1.2280807088032812e+01 
1.0907240224999335e+01 
1.2431987165942875e+01 
1.2944155240120519e+01 
1.3618829763525664e+01 
1.3023420028012055e+01 
1.3117864053506890e+01 
1.3819545397229929e+01 
1.3188470088116180e+01 
1.3210803196085743e+01 
1.3755734718624151e+01 
1.3918657308389799e+01 
1.3918657308389799e+01 
1.3918657308389799e+01 
1.3259058051358757e+01 
1.3605832789834379e+01 
1.1202130014082330e+01 
1.1347508477305293e+01 
1.2507601015323752e+01 
1.0941034401031756e+01 
1.0299199647220792e+01 
1.2204631350529848e+01 
1.1585511619466063e+01 
1.0670233848335956e+01 
1.0845751722299557e+01 
1.1809148564323754e+01 
1.1581571863567392e+01 
1.0867480976601884e+01 
1.2311951503384995e+01 
1.2282799925627813e+01 
1.2500515026602457e+01 
1.3486162819170303e+01 
1.3573097616346818e+01 
1.3336956613985883e+01 
1.3800475421041963e+01 
1.3416689065254511e+01 
1.3062265895868306e+01 
1.2671632062306344e+01 
1.3806624405215825e+01 
1.3741517467250418e+01 
1.3904955605440747e+01 
1.3720672223102843e+01 
1.3454322744648920e+01 
1.3339395485406062e+01 
1.3278530524988298e+01 
1.2507472194659975e+01 
1.2837686913636723e+01 
1.3407389484672773e+01 
1.3263075262435144e+01 
1.3985153685118700e+01 
1.3536745567080054e+01 
1.3764900586116278e+01 
1.3785328289518779e+01 
1.3990939718177390e+01 
1.3939122230184049e+01 
1.3658184320778146e+01 
1.3027483393684440e+01 
1.3701739230319125e+01 
1.3553138467661215e+01 
1.3284464339421509e+01 
1.3742542619227326e+01 
1.3161095504979638e+01 
1.3161095504979638e+01 
1.3711194947005302e+01 
1.3283852383027643e+01 
1.3377263123378256e+01 
1.3225180509916134e+01 
1.2980570532841362e+01 
1.3919244652326091e+01 
1.3919244652326091e+01 
1.3965764397707364e+01 
1.3664896005870474e+01 
1.3425539764560538e+01 
1.3162625344406718e+01 
1.3855445680818633e+01 
1.3871337601278801e+01 
1.3797780960716052e+01 
1.3520771708345158e+01 
1.3622702592488000e+01 
1.3481620556813830e+01 
1.3830401704302830e+01 
1.3990109147851362e+01 
1.3585046940798460e+01 
1.2857207809149566e+01 
1.2865955290567543e+01 
1.3061204036487652e+01 
1.3061204036487652e+01 
1.0693677134875159e+01 
1.0843195464253514e+01 
1.1233379557339397e+01 
1.1509440927888646e+01 
1.2560875433869002e+01 
1.3191526062285680e+01 
1.3295881535433500e+01 
1.3577922295960402e+01 
1.3912730289285092e+01 
1.3591441672986852e+01 
1.3536407075288430e+01 
1.3794543606287908e+01 
1.3020391381412283e+01 
1.2213628084858460e+01 
1.1674089049087815e+01 
1.1421842745019347e+01 
1.0890221228121348e+01 
1.2907949657077779e+01 
1.2842155534319961e+01 
1.2733484309729207e+01 
1.3505703486303974e+01 
1.3116164371830022e+01 
1.3764688087947880e+01 
1.3585856785043275e+01 
1.3585856785043275e+01 
1.3482197814261788e+01 
1.3530540809813417e+01 
1.3452420346242107e+01 
1.3561403413210462e+01 
1.3589153373407868e+01 
1.3979796185390908e+01 
1.3979526552656342e+01 
1.3979526552656342e+01 
1.3364220964585577e+01 
1.3703962450403441e+01 
1.3769728773243186e+01 
1.3738048117843000e+01 
1.3616540396484332e+01 
1.3478292384383842e+01 
1.3270208921251351e+01 
1.3506628974793125e+01 
1.3506628974793125e+01 
1.3506628974793125e+01 
1.3726651511622064e+01 
1.3733310860187197e+01 
1.3874479578884051e+01 
1.2089355244755783e+01 
1.2128991000620461e+01 
1.3053017031608382e+01 
1.2774786305308066e+01 
1.2901778050521543e+01 
1.2864314102951797e+01 
1.2954978808642325e+01 
1.3159775662558996e+01 
1.3476751892771961e+01 
1.3290986604610545e+01 
1.2059719186911142e+01 
1.2369648716386845e+01 
1.2128345885004162e+01 
1.1292074974386431e+01 
1.2263906808984588e+01 
1.0165309608322586e+01 
1.0935389572223430e+01 
1.2371210585320418e+01 
1.2708281395240409e+01 
1.2797700349044993e+01 
1.2679370078465976e+01 
1.2191811485234769e+01 
1.2705398113675209e+01 
1.2676459124374800e+01 
1.2537405954378492e+01 
1.3000788889512661e+01 
1.2850502851618918e+01 
1.2588568369011535e+01 
1.2726018406816831e+01 
1.3599949844589716e+01 
1.3152782825559736e+01 
1.3152782825559736e+01 
1.3089591822736558e+01 
1.2654256621612181e+01 
1.2654256621612181e+01 
1.3337750983264897e+01 
1.3337750983264897e+01 
1.3972655382888844e+01 
1.3999496831239830e+01 
1.3907546527498072e+01 
1.3907546527498072e+01 
1.3907546527498072e+01 
1.3644203539447247e+01 
1.3875202783607529e+01 
1.3900382516284076e+01 
1.3900382516284076e+01 
1.3900382516284076e+01 
1.3578381905390906e+01 
1.3346483383191988e+01 
1.3613986406584795e+01 
1.3872469058877360e+01 
1.3958253268791569e+01 
1.3932091651816245e+01 
1.3682013263304153e+01 
1.3971226021750283e+01 
1.3971226021750283e+01 
1.3830660152983270e+01 
1.3305682581644390e+01 
1.3802714860957968e+01 
1.3889125979149703e+01 
1.3930578156096924e+01 
1.3930578156096924e+01 
1.3012427655475115e+01 
1.3012427655475115e+01 
1.3504986909651176e+01 
1.3504986909651176e+01 
1.3576657296374151e+01 
1.3825044617412578e+01 
1.3733071179778250e+01 
1.3733071179778250e+01 
1.3716157931312244e+01 
1.3952874137227814e+01 
1.3952874137227814e+01 
1.3952874137227814e+01 
1.3776227155331188e+01 
1.3836945752511825e+01 
1.3716576654407071e+01 
1.3980166249924705e+01 
1.3792867988745751e+01 
1.3848614499416053e+01 
1.3419931548500045e+01 
1.3196256554080476e+01 
1.3753425594146027e+01 
1.3260161271103843e+01 
1.3642881676181272e+01 
1.3909911687143213e+01 
1.3873274744335061e+01 
1.3741693580132129e+01 
1.3571005131909667e+01 
1.3701318040155499e+01 
1.3648798060329405e+01 
1.3648798060329405e+01 
1.3261693475281476e+01 
1.3423404664334466e+01 
1.3595984471969210e+01 
1.3722511191066850e+01 
1.3346111115705785e+01 
1.3346111115705785e+01 
1.3779918375740188e+01 
1.3924788363477171e+01 
1.3912852291700471e+01 
1.3912852291700471e+01 
1.3912852291700471e+01 
1.3533787039664626e+01 
1.3638306743477665e+01 
1.3457971342941526e+01 
1.3531758673135403e+01 
1.3927917716653718e+01 
1.3679518738523106e+01 
1.3428563287584536e+01 
1.2101488875398207e+01 
9.9893896927306862e+00 
9.7485597256078531e+00 
1.0168000234660848e+01 
1.0120526158808847e+01 
1.0587198471781912e+01 
1.0587198471781912e+01 
1.1174581525860200e+01 
1.0991873936852578e+01 
1.0336496159667520e+01 
1.1929275376075534e+01 
1.1724609876906236e+01 
1.1724609876906236e+01 
1.1724609876906236e+01 
1.2836281200569903e+01 
1.0881367684756553e+01 
1.0970708158545493e+01 
9.7405248280607140e+00 
1.0556203696054688e+01 
9.0191066241284137e+00 
8.9819132813573273e+00 
8.9819132813573273e+00 
8.9417702286138034e+00 
1.0519020449219664e+01 
1.0620197601153258e+01 
1.1651083739219773e+01 
1.2268438595793315e+01 
1.0858934363322176e+01 
1.0836742394710177e+01 
1.2157796208194339e+01 
1.2950705505590070e+01 
1.3717328810502524e+01 
1.3231364747611458e+01 
1.3231364747611458e+01 
1.2621591967434357e+01 
1.3133977921270022e+01 
1.3193728948489335e+01 
1.3439877983041464e+01 
1.3273688040097706e+01 
1.2806212074221525e+01 
1.3133422962039084e+01 
1.3303024555265925e+01 
1.2732041339071797e+01 
1.2361082419284420e+01 
1.3874124241845552e+01 
1.3933778088515073e+01 
1.3598420321671206e+01 
1.3598420321671206e+01 
1.3313248664117596e+01 
1.3183176156016879e+01 
1.2867495036758841e+01 
1.3018973738160192e+01 
1.3110406444245461e+01 
1.2653008701447574e+01 
1.1525176608377226e+01 
1.1525176608377226e+01 
1.1070612910263549e+01 
1.1594431420416521e+01 
1.3673070331180483e+01 
1.3673070331180483e+01 
1.3673070331180483e+01 
1.3847410175747671e+01 
1.2869365976398282e+01 
1.2736979443499957e+01 
1.2730055873747270e+01 
1.2348266699329420e+01 
1.1527447775745427e+01 
