rejected = 0.0298515;

