rejected = 0.00601202;

