ip_logTarget_unified = zeros(500,1);
ip_logTarget_unified = [5.49108
5.35503
5.43164
5.47722
5.34013
5.27107
5.39432
5.55221
5.43116
5.32442
5.36019
5.52399
5.48289
5.5333
5.48269
5.49788
5.54833
5.55426
5.55692
5.55013
5.54978
5.54915
5.51416
5.50638
5.54953
5.41874
5.37895
5.41775
5.53959
5.55815
5.52153
5.32345
5.47479
5.4414
5.52961
5.48159
5.47508
5.4904
5.44265
5.55257
5.55166
5.55241
5.5578
5.52171
5.46904
5.55791
5.5076
5.48376
5.36366
5.4278
5.55482
5.50778
5.50683
5.35361
5.3158
5.42721
5.40382
5.5137
5.46197
5.37538
5.42545
5.42605
5.50997
5.41422
5.39715
5.45875
5.25576
5.25698
5.33455
5.44245
5.5344
5.55671
5.55572
5.5488
5.53969
5.54
5.4151
5.38705
5.43472
5.47993
5.26057
5.34727
5.43307
5.34208
5.37016
5.45061
5.49137
5.55588
5.55686
5.5575
5.55818
5.53908
5.29033
5.42451
5.35481
5.51763
5.52839
5.30365
5.34084
5.47835
5.49857
5.41625
5.54663
5.47431
5.4206
5.43738
5.34979
5.48538
5.34492
5.41924
5.30978
5.44906
5.47756
5.55619
5.55137
5.55732
5.55198
5.55048
5.4775
5.55732
5.51633
5.55789
5.47364
5.40061
5.4908
5.4227
5.29787
5.34041
5.43851
5.51963
5.49639
5.38045
5.46444
5.40517
5.41718
5.39989
5.33021
5.31573
5.34343
5.55013
5.5511
5.37261
5.4811
5.52241
5.43559
5.55816
5.41338
5.55719
5.54318
5.42528
5.53813
5.55199
5.47971
5.35411
5.54429
5.53203
5.55743
5.55599
5.55819
5.55494
5.54771
5.34448
5.40988
5.39625
5.48087
5.52607
5.34712
5.4273
5.50329
5.55354
5.55814
5.55696
5.55474
5.5461
5.42177
5.38751
5.45996
5.51794
5.54733
5.55732
5.55243
5.29165
5.55814
5.55173
5.55727
5.38174
5.50461
5.55761
5.55761
5.45316
5.48211
5.55324
5.55161
5.53172
5.49548
5.55022
5.55756
5.55492
5.54968
5.55602
5.55556
5.3844
5.52278
5.3718
5.33149
5.4915
5.42632
5.54894
5.47826
5.54992
5.4692
5.4461
5.52001
5.35373
5.55
5.55588
5.55726
5.50951
5.55489
5.55802
5.55801
5.55152
5.54832
5.54832
5.47055
5.55549
5.43332
5.40752
5.26729
5.31107
5.28284
5.46438
5.5582
5.55792
5.49026
5.42191
5.41585
5.53584
5.55248
5.52304
5.52416
5.49809
5.54331
5.55819
5.55368
5.45739
5.54334
5.55738
5.46132
5.49201
5.55816
5.54674
5.55662
5.51924
5.55706
5.55344
5.27266
5.54494
5.34029
5.5515
5.32006
5.55162
5.48498
5.44759
5.44759
5.55516
5.53709
5.52226
5.54936
5.5548
5.52313
5.55706
5.40203
5.46666
5.49787
5.55502
5.37921
5.40601
5.36266
5.51409
5.55682
5.55426
5.55659
5.55795
5.54983
5.55748
5.45051
5.5195
5.38581
5.25471
5.48223
5.54307
5.53894
5.54075
5.51518
5.45477
5.49264
5.52209
5.49486
5.55641
5.55774
5.53557
5.55341
5.55582
5.55678
5.45005
5.45495
5.35159
5.40882
5.32742
5.54827
5.55706
5.49632
5.48101
5.48733
5.51648
5.55358
5.5524
5.41827
5.55523
5.55665
5.55448
5.51722
5.39203
5.45645
5.50395
5.49739
5.38303
5.45017
5.45062
5.44522
5.55802
5.55682
5.51982
5.46399
5.5455
5.55572
5.55325
5.54822
5.4333
5.55148
5.2998
5.35682
5.51924
5.55759
5.50035
5.54482
5.55696
5.4087
5.42756
5.41415
5.32922
5.53616
5.55806
5.38594
5.49167
5.49908
5.44769
5.52364
5.54316
5.55064
5.55756
5.49301
5.37349
5.38042
5.39094
5.48028
5.55501
5.47882
5.51542
5.53575
5.5563
5.41021
5.49879
5.55248
5.55791
5.25772
5.33614
5.47614
5.26886
5.48986
5.54809
5.50902
5.53962
5.48577
5.55213
5.55506
5.55786
5.55409
5.5513
5.52684
5.52825
5.55592
5.55612
5.55667
5.50934
5.49491
5.49754
5.55255
5.49945
5.43305
5.55347
5.31611
5.37228
5.43525
5.52913
5.54
5.55557
5.55258
5.53286
5.44196
5.53153
5.43459
5.41437
5.43588
5.32
5.38831
5.49259
5.55804
5.43939
5.28172
5.54399
5.54278
5.48605
5.31888
5.55394
5.558
5.55762
5.55491
5.53979
5.45233
5.55606
5.44624
5.46944
5.5292
5.42252
5.45289
5.42169
5.41148
5.47447
5.5582
5.49845
5.55086
5.55794
5.55802
5.50814
5.32595
5.53447
5.55723
5.55618
5.55738
5.55772
5.55064
5.55717
5.53071
5.49255
5.55737
5.37949
5.37561
5.54626
5.54091
5.46889
5.43334
5.55153
5.55434
5.54852
5.48279
5.38279
5.55728
5.55286
5.53263
5.55498
5.54364
5.43971
5.53954
5.55057
5.54478
5.46442
5.53018
5.55582
5.55039
5.55622
5.30309
5.41699
5.28186
5.53646
5.49254
5.47949
5.55816
5.49867
5.51845
5.39472
5.39661
5.55489
5.54555
5.52202
5.32825
5.51783
5.55449
5.55812
];
