rawChain_unified = zeros(500,1);
rawChain_unified = [8.4049999999999994e+00 
6.9925559830531210e+00 
7.7241356920141886e+00 
8.2438320978584230e+00 
6.8789507395386433e+00 
6.4230474141755067e+00 
7.3342919538467397e+00 
1.0385835899505372e+01 
7.7187803254818661e+00 
6.7663942587702159e+00 
7.0337176862165096e+00 
8.8240300616829277e+00 
8.3093953631752058e+00 
8.9685624512795421e+00 
8.3070301879671202e+00 
8.4857317112229076e+00 
9.2796064595486332e+00 
9.4817394568398026e+00 
1.0088881613261218e+01 
1.0480810149748940e+01 
1.0495667782158495e+01 
9.3025054913019982e+00 
8.6889517101553260e+00 
8.5896042658777390e+00 
9.3133527777909180e+00 
7.5829523441997049e+00 
7.1923589956320448e+00 
7.5723080958352362e+00 
9.0814296320211962e+00 
9.8119159147915020e+00 
8.7890303584829219e+00 
6.7596488883180612e+00 
8.2157866071004939e+00 
7.8337950860416070e+00 
8.9087283253698697e+00 
8.2942515603493234e+00 
8.2191302627832084e+00 
8.3969372631949497e+00 
7.8479957635197897e+00 
1.0368171666508058e+01 
1.0412013363451363e+01 
1.0376326725469308e+01 
9.9829346459770587e+00 
8.7915074447702732e+00 
8.1497207091305608e+00 
9.9637380226962673e+00 
8.6048224980599120e+00 
8.3194759548722281e+00 
7.0619719727016630e+00 
7.6815441101985371e+00 
1.0244917050176642e+01 
8.6070692717241535e+00 
8.5952211809946739e+00 
6.9814369802219414e+00 
6.7072585166446865e+00 
7.6750409687025067e+00 
7.4276722990592239e+00 
8.6829300387458161e+00 
8.0685731729114103e+00 
7.1609743832084369e+00 
7.6557410446588605e+00 
7.6623448349538839e+00 
8.6348714677267822e+00 
7.5349411658108290e+00 
7.3616553608037751e+00 
8.0316367313051078e+00 
6.3321778994957771e+00 
6.3392840604858245e+00 
6.8381517357566413e+00 
7.8457030306351303e+00 
8.9871000654334061e+00 
9.6206308581166216e+00 
9.5555984429109291e+00 
9.2924733758229827e+00 
9.0834160380241684e+00 
9.0894455168082633e+00 
7.5441457767866256e+00 
7.2657633432870643e+00 
7.7585371326418668e+00 
8.2751038063881950e+00 
6.3604622926594638e+00 
6.9324617269744948e+00 
7.7401117444260237e+00 
6.8933648881837346e+00 
7.1161312959858334e+00 
7.9385720259523866e+00 
8.4084412241608515e+00 
9.5652002663805131e+00 
9.6327373883581338e+00 
1.0026482752314811e+01 
9.8268986305795760e+00 
9.0717542039843586e+00 
6.5414610774353177e+00 
7.6454537988931710e+00 
6.9908511796249853e+00 
8.7351754688063501e+00 
8.8897140112145667e+00 
6.6266749743003093e+00 
6.8842083374607901e+00 
8.2568673176400935e+00 
8.4939805049884249e+00 
7.5563356868492146e+00 
9.2351618369586976e+00 
8.2103111957954056e+00 
7.6029292951560841e+00 
7.7884418712822434e+00 
6.9517777681459121e+00 
8.3382666765497202e+00 
6.9147026740825819e+00 
7.5883107280082900e+00 
6.6669681374727157e+00 
7.9208515101230912e+00 
8.2477155608598540e+00 
9.5845042734509871e+00 
9.3707847322738953e+00 
9.6736360844402238e+00 
1.0397092425775076e+01 
1.0465613533177606e+01 
8.2470252630943541e+00 
1.0047240145223014e+01 
8.7176560515734938e+00 
9.7468174898115283e+00 
8.2024949089403076e+00 
7.3956260029831258e+00 
8.4016434114756056e+00 
7.6256576870437742e+00 
6.5893167054623296e+00 
6.8809854823817478e+00 
7.8011571965830102e+00 
8.7625586500560377e+00 
8.4679121396545796e+00 
7.2056847475078492e+00 
8.0969249668799144e+00 
7.4413374386063209e+00 
7.5662242759946299e+00 
7.3884634823261601e+00 
6.8070825047101859e+00 
6.7067675906532997e+00 
6.9034935644554665e+00 
1.0480982845220936e+01 
1.0437805136933189e+01 
7.1370510529525788e+00 
8.2886270921921046e+00 
8.8013710330552080e+00 
7.7683039683267499e+00 
9.8172929855394173e+00 
7.5260850277311269e+00 
1.0062353686948313e+01 
9.1551096632068543e+00 
7.6538437342289578e+00 
9.0537902816195555e+00 
9.3921174340817366e+00 
8.2725385811084671e+00 
6.9853239415972181e+00 
9.1797121561837187e+00 
8.9474637752582691e+00 
1.0034513167410685e+01 
1.0166438640647325e+01 
9.8368834906669402e+00 
1.0237444741389085e+01 
9.2630307006750847e+00 
6.9113438036146810e+00 
7.4895781421926566e+00 
7.3528232570255740e+00 
8.2859516383259280e+00 
8.8546067282714311e+00 
6.9312973302108247e+00 
7.6760125154740502e+00 
8.5513830127603363e+00 
9.4505700591435904e+00 
9.9047220993235072e+00 
1.0085002833734576e+01 
1.0249849541492106e+01 
9.2220942328371365e+00 
7.6155890098617931e+00 
7.2700249789260312e+00 
8.0455850849820099e+00 
8.7393704510551178e+00 
9.2530487266889825e+00 
9.6733029924287948e+00 
1.0375098691348855e+01 
6.5497647356066437e+00 
9.9022853261567185e+00 
1.0408939260307948e+01 
1.0053840156649530e+01 
7.2173212908752031e+00 
8.5676114226599989e+00 
9.7056177038559728e+00 
9.7056177038559728e+00 
7.9676788887820091e+00 
8.3002510830821699e+00 
1.0334465543320945e+01 
9.3786892333979193e+00 
8.9424497904920077e+00 
8.4570726654808936e+00 
9.3340071825374711e+00 
1.0018152658817082e+01 
1.0239128337150429e+01 
9.3179623102990163e+00 
1.0164437224728855e+01 
1.0196979034440394e+01 
7.2413975867700415e+00 
8.8067248699034764e+00 
7.1301658442623506e+00 
6.8161723835913843e+00 
8.4098698050879150e+00 
7.6652765217288179e+00 
9.2965579740718542e+00 
8.2558267350692631e+00 
1.0489852580067614e+01 
8.1514670917980929e+00 
7.8871370547652422e+00 
8.7677257244756870e+00 
6.9823752224732099e+00 
9.3274495010784850e+00 
1.0174392030359133e+01 
1.0054153300706540e+01 
8.6290106382995280e+00 
1.0240871201952086e+01 
9.7733347016864744e+00 
9.7702062554841582e+00 
1.0418654775460793e+01 
9.2793236412245594e+00 
9.2793236412245594e+00 
8.1670062522564546e+00 
9.5428423017743427e+00 
7.7428282708292100e+00 
7.4652190621079173e+00 
6.4004011836325905e+00 
6.6755022305931906e+00 
6.4948243560185199e+00 
8.0962313244834885e+00 
9.8504899153470813e+00 
9.7522423045715421e+00 
8.3952882351512237e+00 
7.6170873154617116e+00 
7.5521249937097483e+00 
9.0122549732236710e+00 
1.0372610009651959e+01 
8.8104582031976193e+00 
8.8265499646492103e+00 
8.4882809162128900e+00 
9.1579060048540963e+00 
9.8455952110277600e+00 
9.4564802076811780e+00 
8.0160809630429632e+00 
9.1586429385085530e+00 
1.0040660593339473e+01 
8.0611640957712218e+00 
8.4159625893946099e+00 
9.8953753400575799e+00 
9.2379105496747975e+00 
9.6141844491688477e+00 
8.7570879350192161e+00 
9.6497940141130520e+00 
9.4465796853210442e+00 
6.4326533762991573e+00 
9.1946197436321224e+00 
6.8801443585430384e+00 
9.3750483210467923e+00 
6.7362625744507811e+00 
9.3793016102226048e+00 
8.3336087938390495e+00 
7.9040975666254889e+00 
7.9040975666254889e+00 
1.0223588951127187e+01 
9.0345815470847057e+00 
8.7993442314990507e+00 
9.3086012669783820e+00 
1.0246230638947498e+01 
8.8117646790341553e+00 
9.6493268140208155e+00 
7.4097390268654664e+00 
8.1224053457876888e+00 
8.4856833168040833e+00 
9.5177083445275006e+00 
7.1946861870064289e+00 
7.4498639366030828e+00 
7.0537573473574273e+00 
8.6880990138211178e+00 
1.0098124015462048e+01 
1.0278356105473717e+01 
1.0118751146428920e+01 
9.9552632612557002e+00 
1.0493466182509028e+01 
9.6912199662666332e+00 
7.9374013620127553e+00 
8.7606696161383404e+00 
7.2543183546236101e+00 
6.3260068874499966e+00 
8.3016510485973178e+00 
9.1526715630076936e+00 
9.0690394391801501e+00 
9.1044292566774097e+00 
8.7024332775874882e+00 
7.9861788127357123e+00 
8.4233414775230084e+00 
8.7968256345113041e+00 
8.4496843353139930e+00 
9.5992689739172601e+00 
9.7236458624349904e+00 
9.0073337908187003e+00 
1.0325271406899654e+01 
1.0179064181213313e+01 
1.0101643475093042e+01 
7.9322333251946695e+00 
7.9882317905775002e+00 
6.9656563316921414e+00 
7.4786273322829366e+00 
6.7873386625603720e+00 
9.2780339039810258e+00 
9.6493393104496548e+00 
8.4670175230864988e+00 
8.2875397694062336e+00 
8.3609839758333866e+00 
8.7196948686439004e+00 
9.4521567934438124e+00 
9.4068023721236411e+00 
7.5778762193837075e+00 
1.0219142054811783e+01 
9.6159924079095482e+00 
1.0265589481312212e+01 
8.7297204618774611e+00 
7.3123443571303994e+00 
8.0053998826899253e+00 
8.5595430229044513e+00 
8.4798528925807410e+00 
7.2289120143508345e+00 
7.9335178462235154e+00 
7.9386481270930789e+00 
7.8771154616384704e+00 
