ip_logLike_sub0 = zeros(500,1);
ip_logLike_sub0 = [6.92378
6.78773
6.86434
6.90993
6.77283
6.70377
6.82703
6.98492
6.86386
6.75713
6.79289
6.95669
6.9156
6.96601
6.91539
6.93058
6.98103
6.98696
6.98962
6.98283
6.98248
6.98185
6.94686
6.93908
6.98223
6.85144
6.81165
6.85045
6.97229
6.99085
6.95423
6.75615
6.90749
6.8741
6.96231
6.91429
6.90778
6.9231
6.87535
6.98528
6.98437
6.98511
6.9905
6.95441
6.90174
6.99061
6.9403
6.91646
6.79636
6.8605
6.98752
6.94048
6.93953
6.78632
6.7485
6.85991
6.83652
6.9464
6.89467
6.80808
6.85815
6.85875
6.94268
6.84693
6.82985
6.89145
6.68846
6.68968
6.76725
6.87515
6.9671
6.98941
6.98842
6.9815
6.97239
6.9727
6.8478
6.81976
6.86742
6.91263
6.69327
6.77997
6.86577
6.77478
6.80286
6.88331
6.92408
6.98858
6.98956
6.9902
6.99088
6.97178
6.72303
6.85721
6.78751
6.95033
6.96109
6.73635
6.77354
6.91105
6.93127
6.84895
6.97933
6.90702
6.8533
6.87008
6.78249
6.91808
6.77763
6.85194
6.74248
6.88176
6.91026
6.98889
6.98407
6.99002
6.98468
6.98318
6.9102
6.99002
6.94903
6.99059
6.90634
6.83331
6.9235
6.8554
6.73057
6.77311
6.87121
6.95233
6.92909
6.81315
6.89714
6.83787
6.84988
6.83259
6.76291
6.74843
6.77613
6.98283
6.9838
6.80531
6.9138
6.95511
6.86829
6.99086
6.84608
6.98989
6.97588
6.85798
6.97083
6.98469
6.91241
6.78681
6.97699
6.96473
6.99013
6.98869
6.99089
6.98764
6.98041
6.77718
6.84258
6.82895
6.91357
6.95877
6.77982
6.86
6.93599
6.98624
6.99084
6.98966
6.98744
6.9788
6.85447
6.82022
6.89266
6.95064
6.98003
6.99002
6.98514
6.72435
6.99084
6.98443
6.98997
6.81444
6.93731
6.99031
6.99031
6.88586
6.91481
6.98594
6.98431
6.96442
6.92818
6.98292
6.99026
6.98762
6.98238
6.98872
6.98826
6.8171
6.95548
6.80451
6.76419
6.9242
6.85902
6.98164
6.91096
6.98262
6.9019
6.8788
6.95271
6.78643
6.9827
6.98858
6.98996
6.94221
6.98759
6.99072
6.99071
6.98422
6.98102
6.98102
6.90325
6.98819
6.86602
6.84022
6.7
6.74377
6.71554
6.89708
6.9909
6.99062
6.92296
6.85461
6.84855
6.96855
6.98519
6.95574
6.95686
6.93079
6.97601
6.9909
6.98638
6.89009
6.97604
6.99008
6.89402
6.92471
6.99086
6.97944
6.98932
6.95194
6.98977
6.98614
6.70536
6.97764
6.77299
6.9842
6.75276
6.98432
6.91768
6.88029
6.88029
6.98786
6.96979
6.95496
6.98206
6.9875
6.95584
6.98976
6.83473
6.89937
6.93058
6.98772
6.81191
6.83871
6.79536
6.94679
6.98952
6.98696
6.98929
6.99065
6.98253
6.99019
6.88321
6.9522
6.81851
6.68741
6.91493
6.97577
6.97164
6.97345
6.94788
6.88748
6.92534
6.95479
6.92756
6.98911
6.99044
6.96827
6.98611
6.98852
6.98948
6.88275
6.88765
6.78429
6.84152
6.76012
6.98097
6.98976
6.92902
6.91371
6.92003
6.94918
6.98628
6.98511
6.85097
6.98793
6.98935
6.98718
6.94993
6.82473
6.88916
6.93666
6.93009
6.81573
6.88287
6.88332
6.87792
6.99072
6.98952
6.95252
6.89669
6.9782
6.98842
6.98595
6.98092
6.866
6.98418
6.7325
6.78952
6.95194
6.9903
6.93305
6.97752
6.98966
6.8414
6.86026
6.84685
6.76192
6.96886
6.99076
6.81864
6.92437
6.93179
6.88039
6.95634
6.97586
6.98334
6.99026
6.92571
6.80619
6.81312
6.82364
6.91298
6.98771
6.91152
6.94812
6.96845
6.989
6.84291
6.93149
6.98518
6.99061
6.69042
6.76884
6.90884
6.70156
6.92256
6.98079
6.94172
6.97232
6.91847
6.98483
6.98776
6.99056
6.98679
6.984
6.95955
6.96095
6.98862
6.98882
6.98937
6.94204
6.92761
6.93024
6.98525
6.93215
6.86576
6.98617
6.74881
6.80498
6.86795
6.96183
6.9727
6.98827
6.98528
6.96556
6.87466
6.96423
6.86729
6.84707
6.86859
6.75271
6.82101
6.92529
6.99074
6.87209
6.71442
6.97669
6.97548
6.91875
6.75159
6.98664
6.9907
6.99032
6.98761
6.97249
6.88504
6.98876
6.87894
6.90215
6.9619
6.85522
6.88559
6.85439
6.84418
6.90717
6.9909
6.93115
6.98356
6.99064
6.99072
6.94084
6.75865
6.96717
6.98993
6.98888
6.99008
6.99042
6.98334
6.98987
6.96342
6.92525
6.99007
6.81219
6.80831
6.97896
6.97361
6.90159
6.86604
6.98423
6.98704
6.98122
6.91549
6.81549
6.98998
6.98556
6.96534
6.98768
6.97634
6.87241
6.97224
6.98327
6.97748
6.89712
6.96288
6.98853
6.98309
6.98892
6.73579
6.84969
6.71456
6.96917
6.92524
6.91219
6.99086
6.93138
6.95115
6.82742
6.82931
6.98759
6.97825
6.95472
6.76095
6.95053
6.98719
6.99082
];
