rejected = 0.0661033;

